0.0017698124206915974	6896
0.00169318711299565	4002
0.0015133178687781355	6897
0.001436369499244262	0164
0.0014363694992442619	6938
0.0010960132604547737	4000
0.001096013260174461	4001
7.911174667924393E-4	0276
7.911174667924392E-4	0278
6.066815509865122E-4	2999
3.581720526961186E-4	3020
3.581720526961186E-4	3019
3.581720526961186E-4	3017
2.0519564335838572E-4	6902
2.0519564335838572E-4	6900
2.0519564335838572E-4	6901
2.0519564335838572E-4	6899
2.0519564335838572E-4	6898
1.5300475936987667E-4	2126
1.25517760763148E-4	7078
1.25517760763148E-4	7079
1.25517760763148E-4	0170
1.25517760763148E-4	7076
1.25517760763148E-4	7077
8.666879299807318E-5	0072
8.666879299807318E-5	3047
6.320683282872682E-5	3018
6.259648343259792E-5	2125
6.259648343259792E-5	2127
6.259648343259792E-5	2120
6.259648343259792E-5	2121
6.259648343259792E-5	2122
6.259648343259792E-5	2123
6.259648343259792E-5	2124
3.251161142224862E-5	7386
1.2756977739598358E-5	7394
1.2756977739598357E-5	7393
1.2756977739598357E-5	7392
1.2674950616837264E-5	0218
1.1769596874605896E-5	2905
3.6487802997974747E-6	7395
3.6487802997974747E-6	2389
3.6487802997974747E-6	7409
2.2470532514265916E-6	2925
2.2470532514265916E-6	2924
2.2470532514265916E-6	2923
2.2470532514265916E-6	2922
2.2470532514265916E-6	2921
2.2470532514265916E-6	2920
2.2470532514265916E-6	2918
2.2470532514265916E-6	2919
2.2470532514265916E-6	2917
2.2470532514265916E-6	2916
2.2470532514265916E-6	2915
2.2470532514265916E-6	2914
2.2470532514265916E-6	2913
2.2470532514265916E-6	2912
2.2470532514265916E-6	2911
1.864853284924586E-6	6230
9.893577456039545E-7	0181
5.738010106687397E-7	6233
3.4281472475908194E-7	6211
3.4281472475908194E-7	6180
3.4281472475908194E-7	6237
3.4281472475908194E-7	6212
3.4281472475908194E-7	6213
3.428147247590819E-7	6232
1.990161330769982E-7	2490
1.8556355594438282E-7	2489
1.7924593629523553E-7	6572
1.7924593629523553E-7	6573
1.7924593629523553E-7	6561
1.7924593629523553E-7	6562
1.7924593629523553E-7	6563
1.7924593629523553E-7	6564
1.7924593629523553E-7	6565
1.7924593629523553E-7	6566
1.7924593629523553E-7	6567
1.7924593629523553E-7	6568
1.7924593629523553E-7	6569
1.7924593629523553E-7	6570
1.7924593629523553E-7	6571
1.778776467051955E-7	0152
1.5633579232343256E-7	2488
1.4345025261518022E-7	2727
1.4026097410940627E-7	2466
1.0754547564551227E-7	2467
1.0754547564551225E-7	2470
1.0754547564551225E-7	2468
1.0754547564551223E-7	2469
1.0754547564551223E-7	2471
1.075454756455122E-7	2472
7.236819761939668E-8	0030
6.538991228316285E-8	7414
6.538991228316285E-8	7412
6.538991228316285E-8	7410
6.538991228316285E-8	7400
6.538991228316285E-8	7397
6.538991228316285E-8	7408
6.538991228316285E-8	7398
6.538991228316285E-8	7404
6.538991228316285E-8	7401
6.538991228316285E-8	7413
6.538991228316285E-8	7406
6.538991228316285E-8	7411
6.538991228316285E-8	7403
4.8790316677920355E-8	2474
4.879031667792035E-8	2465
4.879031667792035E-8	2473
4.879031667792035E-8	2487
4.879031667792035E-8	0058
4.879031667792035E-8	2475
4.879031667792035E-8	2476
4.879031667792035E-8	2477
4.879031667792035E-8	2478
4.879031667792035E-8	2479
4.879031667792035E-8	2459
4.879031667792035E-8	2460
4.879031667792035E-8	2461
4.879031667792035E-8	2462
4.879031667792035E-8	2464
4.879031667792034E-8	2463
4.623203460639394E-8	1460
4.623203460639394E-8	1461
4.623203460639394E-8	1459
4.216301090730426E-8	7592
3.16978843460303E-8	2779
2.930440946758123E-8	2499
2.6681673224823176E-8	0638
2.3052773955154352E-8	2791
2.3052773955154352E-8	2790
2.0572782466601805E-8	7578
1.8897026069114046E-8	7593
1.8086987102260452E-8	0275
1.7418161394781492E-8	7396
1.7418161394781492E-8	7387
1.7418161394781492E-8	7399
1.7418161394781492E-8	7388
1.7418161394781492E-8	7402
1.7418161394781492E-8	7391
1.7418161394781492E-8	7390
1.7418161394781492E-8	7405
1.7418161394781492E-8	7389
1.7418161394781492E-8	7407
1.680692538115908E-8	7589
1.493953041699763E-8	0267
1.4437070309949525E-8	0273
1.3801918889577252E-8	0268
1.2505580074767818E-8	2482
1.2505580074767818E-8	2483
1.2505580074767818E-8	2484
1.2505580074767818E-8	2480
1.2505580074767818E-8	2481
1.2505580074767818E-8	2486
1.2505580074767818E-8	2485
1.1082446317141721E-8	0274
1.1082446317141721E-8	0269
8.893908554857651E-9	6525
8.694853397248494E-9	7582
8.64511039087595E-9	2781
8.64511039087595E-9	2780
8.64511039087595E-9	2849
7.245668778968983E-9	7577
5.679831564771239E-9	2300
5.287987325996376E-9	7586
4.542010607891569E-9	7581
4.1294760992934104E-9	7605
3.964548897617258E-9	2786
3.963666328289125E-9	2789
3.963666328289125E-9	2788
3.2252452245944196E-9	7609
3.1474613121476012E-9	0270
3.0928259896120594E-9	0186
3.092825989612059E-9	7579
2.7712768974641048E-9	7611
2.7712768974641048E-9	7608
2.7712768974641048E-9	7610
2.693177774823826E-9	7587
2.559063084485679E-9	7580
2.2789478108698816E-9	7603
2.2789478108698816E-9	7594
2.2789478108698816E-9	7602
2.2789478108698816E-9	7599
2.2789478108698816E-9	7604
2.2789478108698816E-9	7600
2.278947810869881E-9	7598
2.278947810869881E-9	7595
2.278947810869881E-9	7601
2.278947810869881E-9	7596
2.278947810869881E-9	7597
9.4964312805534E-10	3178
9.207486090405761E-10	7615
9.207486090405761E-10	7607
9.207486090405761E-10	7606
9.207486090405761E-10	7616
9.207486090405761E-10	7614
9.207486090405761E-10	7612
9.207486090405761E-10	7613
8.373930237415405E-10	7591
8.069423478066872E-10	7590
5.259864835135779E-10	3153
4.3425650090064736E-10	3155
3.830718421479705E-10	3162
3.830718421479705E-10	0075
3.830718421479705E-10	3189
3.830718421479705E-10	3171
3.5738698403682976E-10	3937
3.57386978548799E-10	4229
3.231146082284438E-10	1032
3.101832149290338E-10	3154
2.73179442680307E-10	7585
2.73179442680307E-10	7583
2.73179442680307E-10	7584
1.8880869772026194E-10	3158
1.8880869772026194E-10	3157
1.8880869772026194E-10	3161
1.8880869772026194E-10	3160
1.8880869772026194E-10	3159
1.3290742216751853E-10	4230
1.2885822767939009E-10	7617
1.2885822767939009E-10	7588
9.305496447871015E-11	3156
9.305496447871015E-11	5107
8.325563416169112E-11	5124
8.32556341616911E-11	5121
2.462641174666259E-11	5989
2.462641174666259E-11	5990
6.401424653016453E-12	4005
5.611081157467424E-12	0138
5.064788227445187E-12	4006
5.064788227445187E-12	0098
1.963285242342824E-12	5379
1.7090130454267108E-12	6299
1.4775838393895118E-12	4331
1.310497279436316E-12	6680
1.1228961145184388E-12	6301
1.1228961145184388E-12	0146
1.1228961145184388E-12	6300
1.0946613247404982E-12	6297
1.0946613247404982E-12	6298
1.0946613247404982E-12	6302
8.943853480427056E-13	6676
8.825693281319992E-13	4333
8.825693281319992E-13	4330
7.971621454175667E-13	6379
6.856162610153291E-13	4332
5.768183030155249E-13	6678
5.233167717383834E-13	6355
2.8031296193424854E-13	5790
2.803129619342485E-13	4828
2.803129619342485E-13	1943
2.690445748222703E-13	6326
2.5427219691611305E-13	1797
2.205096667780054E-13	4829
2.205096667779855E-13	6679
1.969530671166701E-13	4329
1.3814736523137004E-13	4004
1.251531459058773E-13	6666
1.251531459058773E-13	6657
1.251531459058773E-13	6660
1.251531459058773E-13	6661
1.245403154238052E-13	1926
1.245403154238052E-13	1886
1.245403154238052E-13	1887
1.245403154238052E-13	1927
9.9120117058446E-14	0001
9.911993470747487E-14	0163
7.961627353152116E-14	4055
7.961627353152116E-14	4080
7.961627353152116E-14	4079
7.961627353152116E-14	4078
7.961627353152116E-14	4077
7.961627353152116E-14	4076
7.961627353152116E-14	4075
7.961627353152116E-14	4074
7.961627353152116E-14	4073
7.961627353152116E-14	4072
7.961627353152116E-14	4071
7.961627353152116E-14	4070
7.961627353152116E-14	4069
7.961627353152116E-14	4068
7.961627353152116E-14	4062
7.961627353152116E-14	4061
7.961627353152116E-14	4060
7.961627353152116E-14	4052
7.961627353152116E-14	4051
7.961627353152116E-14	4048
7.961627353152116E-14	4047
7.961627353152116E-14	4046
7.961627353152116E-14	4045
7.961627353152116E-14	4043
7.961627353152116E-14	4042
7.961627353152116E-14	4041
7.961627353152116E-14	4040
7.961627353152116E-14	4039
7.961627353152116E-14	4038
7.961627353152116E-14	4037
7.961627353152116E-14	4036
7.961627353152116E-14	4033
7.961627353152116E-14	4032
7.961627353152116E-14	4031
7.961627353152116E-14	4085
7.961627353152116E-14	4029
7.961627353152116E-14	4025
7.961627353152116E-14	4024
7.961627353152116E-14	4023
7.961627353152116E-14	4022
7.961627353152116E-14	4021
7.961627353152116E-14	4020
7.961627353152116E-14	4018
7.961627353152116E-14	4017
7.961627353152116E-14	4016
7.961627353152116E-14	4015
7.961627353152116E-14	4012
7.961627353152116E-14	4010
7.961627353152116E-14	4009
7.712559822911389E-14	4058
7.712559822911389E-14	4057
7.712559822911389E-14	4056
7.712559822911389E-14	4054
7.712559822911389E-14	4053
7.712559822911389E-14	4028
7.712559822911389E-14	4027
7.712559822911389E-14	4050
7.712559822911389E-14	4049
7.712559822911389E-14	4026
7.712559822911389E-14	4011
7.712559822911389E-14	4044
7.712559822911389E-14	4019
7.712559822911389E-14	4008
7.712559822911389E-14	4035
7.712559822911389E-14	4034
7.712559822911389E-14	4082
7.712559822911389E-14	4081
7.712559822911389E-14	4083
7.712559822911389E-14	4007
7.712559822911389E-14	4084
7.712559822911389E-14	4003
7.712559822911389E-14	4030
7.712559822911389E-14	4014
7.712559822911389E-14	4067
7.712559822911389E-14	4066
7.712559822911389E-14	4065
7.712559822911389E-14	4064
7.712559822911389E-14	4063
7.712559822911389E-14	4013
7.712559822911389E-14	4059
6.724154102039809E-14	0698
6.257657295293866E-14	1893
6.257657295293866E-14	1890
6.257657295293866E-14	1738
6.257657295293866E-14	6647
6.257657295293866E-14	1892
6.257657295293866E-14	6651
6.257657295293866E-14	6648
6.257657295293866E-14	6656
6.257657295293866E-14	6658
6.257657295293866E-14	1891
6.257657295293866E-14	6663
6.257657295293866E-14	6665
6.257657295293866E-14	6737
6.257657295293866E-14	1922
6.102154490897816E-14	2119
4.51943142533385E-14	7441
4.1717715301959104E-14	1895
4.1717715301959104E-14	6646
4.1717715301959104E-14	2801
4.1717715301959104E-14	1889
4.1717715301959104E-14	6760
4.1717715301959104E-14	5095
3.037600150448328E-14	6330
3.0376000383159555E-14	6336
3.0376000383159555E-14	6358
3.0376000383159555E-14	6362
3.0376000383159555E-14	6363
3.0376000383159555E-14	6337
3.0376000383159555E-14	6338
3.0376000383159555E-14	6316
3.0376000383159555E-14	6324
3.0376000383159555E-14	6323
3.0376000383159555E-14	6322
3.0376000383159555E-14	6321
3.0376000383159555E-14	6320
3.0376000383159555E-14	6319
3.0376000383159555E-14	6318
3.0376000383159555E-14	6317
3.0376000383159555E-14	6360
3.0376000383159555E-14	6315
3.0376000383159555E-14	6347
3.0376000383159555E-14	6348
3.0376000383159555E-14	6349
3.0376000383159555E-14	6350
3.0376000383159555E-14	6351
3.0376000383159555E-14	6352
3.0376000383159555E-14	6342
3.0376000383159555E-14	6325
3.0376000383159555E-14	6335
3.0376000383159555E-14	6327
3.0376000383159555E-14	6354
3.0376000383159555E-14	0013
3.0376000383159555E-14	6339
3.0376000383159555E-14	6359
3.0376000383159555E-14	6340
3.0376000383159555E-14	6329
3.0376000383159555E-14	6331
3.0376000383159555E-14	6353
3.0376000383159555E-14	6344
3.0376000383159555E-14	6345
3.0376000383159555E-14	6341
3.0376000383159555E-14	6346
3.0376000383159555E-14	6332
3.0376000383159555E-14	6356
3.0376000383159555E-14	6357
3.0376000383159555E-14	6333
3.0376000383159555E-14	6334
3.0376000383159555E-14	6343
3.0376000383159555E-14	6361
3.0376000383159555E-14	6328
2.6219013773432675E-14	3724
2.6219013773432675E-14	2891
2.6219013773432675E-14	2895
2.6219013773432675E-14	2892
2.6219013773432675E-14	2898
2.6219013773432675E-14	2899
1.0908586374297659E-14	1126
1.090842719111255E-14	1089
4.6268847835469426E-15	0271
4.6268847835469426E-15	0286
4.6268847835469426E-15	0282
4.6268847835469426E-15	0281
4.6268847835469426E-15	0280
4.6268847835469426E-15	0279
4.6268847835469426E-15	0277
4.6268847835469426E-15	0272
3.773744788024409E-15	1119
3.773735585936269E-15	1114
3.7737355859362655E-15	1117
2.1942233930569833E-15	0111
7.345385861097482E-16	4784
7.151359546945346E-16	4783
7.118838005737722E-16	4779
7.118838005233025E-16	4782
7.118838005233025E-16	4781
7.118838005233025E-16	4780
6.115957939577252E-16	6259
5.96456517483029E-16	6246
1.2380173660940017E-16	3636
1.2364255342429327E-16	6529
1.0106212053105555E-16	0032
9.408860732179215E-17	1980
8.575844527653999E-17	1540
8.575844527653999E-17	1547
8.575844527653999E-17	1548
8.575844527653999E-17	1549
8.575844527653999E-17	1541
8.575844527653999E-17	1539
8.575844527653999E-17	1538
8.575844527653999E-17	1537
8.575844527653999E-17	1536
8.575844527653999E-17	1543
5.659470719683798E-17	3633
5.659470719683691E-17	3634
5.65947071968369E-17	3635
5.043652868094293E-17	0681
4.730120937243165E-17	6474
4.617755554292716E-17	6466
4.617755554292716E-17	6527
4.548470396522781E-17	6470
4.471700211183541E-17	6239
4.471700211183541E-17	6240
4.471700211183541E-17	6244
4.471700211183541E-17	6243
4.471700211183541E-17	6245
4.471700211183541E-17	6241
4.471700211183541E-17	6204
4.471700211183541E-17	6214
4.471700211183541E-17	6215
4.471700211183541E-17	6216
4.471700211183541E-17	6217
4.471700211183541E-17	6218
4.471700211183541E-17	6219
4.471700211183541E-17	6220
4.471700211183541E-17	6221
4.471700211183541E-17	6222
4.471700211183541E-17	6223
4.471700211183541E-17	6224
4.471700211183541E-17	6225
4.471700211183541E-17	6226
4.471700211183541E-17	6227
4.471700211183541E-17	6228
4.471700211183541E-17	6229
4.471700211183541E-17	6231
4.471700211183541E-17	6235
4.471700211183541E-17	6236
4.471700211183541E-17	6238
4.3966835841470753E-17	4292
3.8798249857540223E-17	6472
3.879824985754022E-17	6468
3.767459602803573E-17	6467
3.291538346908234E-17	6510
3.291538346309062E-17	6509
3.2915383463090617E-17	6511
3.291538346309061E-17	6516
3.291538346309061E-17	6512
3.2915383463090604E-17	6513
3.2915383463090604E-17	6514
3.2915383463090604E-17	6515
3.239822776002462E-17	6473
3.239822776002461E-17	6503
3.1791729633586125E-17	6521
3.135492627033362E-17	6485
3.109887805588677E-17	6507
2.8189835235644413E-17	6471
1.9692392846066796E-17	6242
1.9692392846066796E-17	6234
1.9692392846066796E-17	6188
1.9692392846066796E-17	6186
1.9692392846066796E-17	6185
1.9692392846066796E-17	6184
1.9692392846066796E-17	6183
1.9692392846066796E-17	6182
1.9692392846066796E-17	6177
1.9692392846066796E-17	6187
1.7064936903155372E-17	6475
1.7064936903155372E-17	6528
7.438323558759454E-18	6477
7.389574660116608E-18	4503
5.559922086125483E-18	4763
5.3288475538679574E-18	0100
5.0186992567617106E-18	4819
4.845364174227767E-18	1666
4.845364174227767E-18	1667
3.9834607263993285E-18	6488
3.9834607263993285E-18	6519
3.9834607263993285E-18	6484
3.9834607263993285E-18	6494
3.9834607263993285E-18	6504
3.9834607263993285E-18	6490
3.9834607263993285E-18	6489
3.983460726399328E-18	6500
3.983460726399328E-18	6498
3.983460726399328E-18	6497
3.983460726399328E-18	6496
3.983460726399328E-18	6495
3.983460726399328E-18	0150
3.983460726399328E-18	6486
3.983460726399328E-18	6476
3.983460726399328E-18	6469
3.983460726399328E-18	6487
3.983460726399328E-18	6518
3.983460726399328E-18	6517
3.983460726399328E-18	6491
3.983460726399328E-18	6492
3.983460726399328E-18	6499
3.983460726399328E-18	6508
3.983460726399328E-18	6506
3.983460726399328E-18	6505
3.983460726399328E-18	6493
3.983460726399328E-18	6501
3.2521541712320787E-18	4825
3.230242782818511E-18	7180
3.230242782818511E-18	7182
3.230242782818511E-18	7184
2.9401592367083245E-18	6481
2.859806896894841E-18	6480
2.8598068968948405E-18	6483
2.8598068968948405E-18	6478
2.8598068968948405E-18	6502
2.503024911879382E-18	0109
2.50296261611668E-18	4517
1.9606184630242763E-18	0026
1.8165054072038373E-18	6520
1.8165054072038373E-18	6479
1.8165054072038373E-18	6482
1.801435277917284E-18	4770
1.801435277917284E-18	6437
1.667127905839602E-18	0035
1.667127905839602E-18	0174
1.5687056326335065E-18	6526
1.1236538295044873E-18	6522
8.595891995777579E-19	5133
7.58078731512596E-19	4173
3.620089921461939E-19	6524
3.3700477874317506E-19	5536
3.3700477874317506E-19	3565
2.744128885015584E-19	7527
2.2209327800626666E-19	7437
1.82850837553105E-19	4295
1.7782159363618287E-19	0185
1.601050318143525E-19	0076
1.5918319175184714E-19	0471
1.5918318842941967E-19	2668
1.5918318510778902E-19	0004
1.5918318510699221E-19	2536
1.5918318510699221E-19	0148
1.5918318510699221E-19	2728
1.5624408967719722E-19	4269
1.3323886931766047E-19	4272
1.152297033945662E-19	7526
1.152297033945662E-19	7528
1.095712168715477E-19	4293
7.736390836819624E-20	6424
7.736390836819624E-20	6422
7.736390836819624E-20	6423
7.736390836819624E-20	6421
6.423013346939934E-20	0382
6.423013346939934E-20	0383
4.6672872805649527E-20	4270
2.7135251981554335E-20	0358
2.713525198155433E-20	0393
2.713525198155433E-20	0392
2.713525198155433E-20	0391
2.713525198155433E-20	0353
2.713525198155433E-20	0352
2.713525198155433E-20	0355
2.713525198155433E-20	0354
2.713525198155433E-20	0356
2.713525198155433E-20	0403
2.713525198155433E-20	0357
2.713525198155433E-20	0402
2.713525198155433E-20	0401
2.713525198155433E-20	0400
2.713525198155433E-20	0399
2.713525198155433E-20	0359
2.713525198155433E-20	0398
2.713525198155433E-20	0396
2.713525198155433E-20	0395
2.713525198155433E-20	0394
2.7135251981554323E-20	0404
2.7135251981554323E-20	0397
2.7135251981554323E-20	0405
2.6447702016765125E-20	3936
2.4223573139566057E-20	4660
2.4223573139566057E-20	4671
2.4223573139566057E-20	4606
2.4223573139566057E-20	4673
2.4223573139566057E-20	4691
2.4223573139566057E-20	4735
2.4223573139566057E-20	4672
2.3667652446115964E-20	1153
2.3667652446112777E-20	4268
2.3667652446112777E-20	0101
2.3667652446112777E-20	4323
2.3230081773042368E-20	4537
2.3230081773042368E-20	4522
2.3230081773042368E-20	4531
2.3230081773042365E-20	4532
2.3230081773042365E-20	4526
2.3230081773042365E-20	4521
2.3167786010340678E-20	4543
2.3167786010340678E-20	4540
2.310224941093568E-20	4599
2.310224941093568E-20	4639
2.310224941093568E-20	4712
2.310224941093568E-20	4662
2.310224941093568E-20	4600
2.310224941093568E-20	4611
2.310224941093568E-20	4655
2.310224941093568E-20	4637
2.310224941093568E-20	4590
2.310224941093568E-20	4640
2.310224941093568E-20	4597
2.310224941093568E-20	4587
2.310224941093568E-20	4643
2.310224941093568E-20	4585
2.310224941093568E-20	4710
2.310224941093568E-20	4711
2.310224941093568E-20	4609
2.310224941093568E-20	4688
2.310224941093568E-20	4642
2.303995364823399E-20	4613
2.303995364823399E-20	4608
2.303995364823399E-20	4596
2.303995364823399E-20	4594
2.303995364823399E-20	4593
2.303995364823399E-20	4576
2.303995364823399E-20	4565
2.303995364823399E-20	4559
2.303995364823399E-20	4558
2.303995364823399E-20	4551
2.303995364823399E-20	4545
2.303995364823399E-20	4534
2.303995364823399E-20	4614
2.303995364823399E-20	4624
2.303995364823399E-20	4670
2.303995364823399E-20	4674
2.303995364823399E-20	4685
2.303995364823399E-20	4689
2.303995364823399E-20	4690
2.303995364823399E-20	4693
2.303995364823399E-20	4702
2.303995364823399E-20	4729
2.303995364823399E-20	4731
2.2046462281710302E-20	4736
2.2046462281710302E-20	4529
2.2046462281710302E-20	4665
2.2046462281710302E-20	4550
2.2046462281710302E-20	4549
2.2046462281710302E-20	4542
2.2046462281710302E-20	4536
2.2046462281710302E-20	4535
2.2046462281710302E-20	4533
2.1918629919603614E-20	4661
2.1918629919603614E-20	4675
2.1918629919603614E-20	4676
2.1918629919603614E-20	4677
2.1918629919603614E-20	4678
2.1918629919603614E-20	4679
2.1918629919603614E-20	4680
2.1918629919603614E-20	4681
2.1918629919603614E-20	4682
2.1918629919603614E-20	4683
2.1918629919603614E-20	4684
2.1918629919603614E-20	4603
2.1918629919603614E-20	4686
2.1918629919603614E-20	4687
2.1918629919603614E-20	4659
2.1918629919603614E-20	4616
2.1918629919603614E-20	4604
2.1918629919603614E-20	4658
2.1918629919603614E-20	4692
2.1918629919603614E-20	4605
2.1918629919603614E-20	4694
2.1918629919603614E-20	4695
2.1918629919603614E-20	4696
2.1918629919603614E-20	4697
2.1918629919603614E-20	4698
2.1918629919603614E-20	4699
2.1918629919603614E-20	4700
2.1918629919603614E-20	4701
2.1918629919603614E-20	4607
2.1918629919603614E-20	4703
2.1918629919603614E-20	4704
2.1918629919603614E-20	4657
2.1918629919603614E-20	4656
2.1918629919603614E-20	4654
2.1918629919603614E-20	4653
2.1918629919603614E-20	4652
2.1918629919603614E-20	4705
2.1918629919603614E-20	4651
2.1918629919603614E-20	4650
2.1918629919603614E-20	4649
2.1918629919603614E-20	4648
2.1918629919603614E-20	4706
2.1918629919603614E-20	4707
2.1918629919603614E-20	4708
2.1918629919603614E-20	4709
2.1918629919603614E-20	4647
2.1918629919603614E-20	4646
2.1918629919603614E-20	4645
2.1918629919603614E-20	4644
2.1918629919603614E-20	4641
2.1918629919603614E-20	4638
2.1918629919603614E-20	4636
2.1918629919603614E-20	4635
2.1918629919603614E-20	4634
2.1918629919603614E-20	4633
2.1918629919603614E-20	4632
2.1918629919603614E-20	4631
2.1918629919603614E-20	4630
2.1918629919603614E-20	4629
2.1918629919603614E-20	4628
2.1918629919603614E-20	4627
2.1918629919603614E-20	4626
2.1918629919603614E-20	4625
2.1918629919603614E-20	4623
2.1918629919603614E-20	4622
2.1918629919603614E-20	4621
2.1918629919603614E-20	4620
2.1918629919603614E-20	4619
2.1918629919603614E-20	4618
2.1918629919603614E-20	4617
2.1918629919603614E-20	4615
2.1918629919603614E-20	4516
2.1918629919603614E-20	4518
2.1918629919603614E-20	4519
2.1918629919603614E-20	4713
2.1918629919603614E-20	4714
2.1918629919603614E-20	4520
2.1918629919603614E-20	4715
2.1918629919603614E-20	4716
2.1918629919603614E-20	4717
2.1918629919603614E-20	4718
2.1918629919603614E-20	4719
2.1918629919603614E-20	4602
2.1918629919603614E-20	4523
2.1918629919603614E-20	4720
2.1918629919603614E-20	4524
2.1918629919603614E-20	4721
2.1918629919603614E-20	4525
2.1918629919603614E-20	4722
2.1918629919603614E-20	4723
2.1918629919603614E-20	4724
2.1918629919603614E-20	4725
2.1918629919603614E-20	4726
2.1918629919603614E-20	4727
2.1918629919603614E-20	4728
2.1918629919603614E-20	4610
2.1918629919603614E-20	4730
2.1918629919603614E-20	4612
2.1918629919603614E-20	4527
2.1918629919603614E-20	4528
2.1918629919603614E-20	4732
2.1918629919603614E-20	4733
2.1918629919603614E-20	4734
2.1918629919603614E-20	4530
2.1918629919603614E-20	4538
2.1918629919603614E-20	4539
2.1918629919603614E-20	4541
2.1918629919603614E-20	4544
2.1918629919603614E-20	4546
2.1918629919603614E-20	4547
2.1918629919603614E-20	4548
2.1918629919603614E-20	4552
2.1918629919603614E-20	4553
2.1918629919603614E-20	4554
2.1918629919603614E-20	4555
2.1918629919603614E-20	4556
2.1918629919603614E-20	4557
2.1918629919603614E-20	4560
2.1918629919603614E-20	4561
2.1918629919603614E-20	4562
2.1918629919603614E-20	4563
2.1918629919603614E-20	4564
2.1918629919603614E-20	4566
2.1918629919603614E-20	4567
2.1918629919603614E-20	4568
2.1918629919603614E-20	4569
2.1918629919603614E-20	4570
2.1918629919603614E-20	4571
2.1918629919603614E-20	4572
2.1918629919603614E-20	4573
2.1918629919603614E-20	4574
2.1918629919603614E-20	4575
2.1918629919603614E-20	4577
2.1918629919603614E-20	4578
2.1918629919603614E-20	4579
2.1918629919603614E-20	4580
2.1918629919603614E-20	4581
2.1918629919603614E-20	4582
2.1918629919603614E-20	4583
2.1918629919603614E-20	4584
2.1918629919603614E-20	4586
2.1918629919603614E-20	4588
2.1918629919603614E-20	4589
2.1918629919603614E-20	4591
2.1918629919603614E-20	4592
2.1918629919603614E-20	4595
2.1918629919603614E-20	4598
2.1918629919603614E-20	4666
2.1918629919603614E-20	4667
2.1918629919603614E-20	4668
2.1918629919603614E-20	4669
2.1918629919603614E-20	4601
2.1918629919603614E-20	4664
2.1918629919603614E-20	4663
1.1334729435869071E-20	0365
1.1334729435869071E-20	0386
1.1334729435869071E-20	0385
1.1334729435869071E-20	0384
1.1334729435869071E-20	0363
1.1334729435869071E-20	0367
1.1334729435869071E-20	0366
1.133472943586907E-20	0388
1.133472943586907E-20	0387
1.133472943586907E-20	0360
1.133472943586907E-20	0381
1.133472943586907E-20	0389
7.73639083772188E-21	0368
7.73639083772188E-21	0390
7.73639083772188E-21	0380
7.73639083772188E-21	0379
7.73639083772188E-21	0378
7.73639083772188E-21	0377
7.73639083772188E-21	0376
7.73639083772188E-21	0375
7.73639083772188E-21	0374
7.73639083772188E-21	0373
7.73639083772188E-21	0371
7.73639083772188E-21	0370
7.73639083772188E-21	0369
7.73639083772188E-21	0361
7.73639083772188E-21	0362
7.73639083772188E-21	0364
7.73639083772188E-21	0372
2.179878174871916E-21	0843
1.4125771411310142E-21	1312
1.183619491332065E-21	4514
1.1213237286390737E-21	0024
1.1213237286303774E-21	0191
1.1213237286303774E-21	0015
9.218467074635895E-22	3816
9.218467073584629E-22	2927
9.218467073473442E-22	5491
7.26626058301266E-22	1316
7.26626058301266E-22	1317
7.26626058301266E-22	1318
4.6079966628146174E-23	6277
4.6079966628146174E-23	6276
4.6079966628146174E-23	6274
4.6079966628146174E-23	6275
4.6079966628146174E-23	6273
4.6079966628146174E-23	6278
1.1037327570425095E-23	0145
1.9196247566883379E-25	6681
1.4349268438881987E-25	0091
9.745787226263867E-26	5120
9.745787226263867E-26	5122
9.745787226263867E-26	5123
9.745787226263867E-26	5125
9.745787226263867E-26	5126
9.745787226263867E-26	0122
5.667349303987192E-26	1030
5.667349303987192E-26	1046
5.667349303987192E-26	1038
5.667349303987192E-26	1037
5.667349303987192E-26	1035
5.667349303987192E-26	1034
5.667349303987192E-26	1031
5.0469734705628845E-26	6133
4.2553214977524765E-26	0142
4.2553214977524765E-26	5167
4.2553214977524765E-26	6121
2.6421208876397157E-26	0019
1.3289709853996178E-26	2689
6.644867057974645E-27	3743
6.644863623228395E-27	0006
6.644854926998089E-27	0481
6.644854926998089E-27	0491
6.644854926998089E-27	2683
6.644854926998089E-27	0482
6.644854926998089E-27	0472
6.644854926998089E-27	0473
6.644854926998089E-27	0480
6.644854926998089E-27	2693
6.2756963199426395E-27	5108
5.991728160669217E-27	6669
3.3224274634990444E-27	0064
3.3224274634990444E-27	2669
3.3224274634990444E-27	2670
3.3224274634990444E-27	2671
3.3224274634990444E-27	2672
3.3224274634990444E-27	2673
3.3224274634990444E-27	2674
3.3224274634990444E-27	2675
3.3224274634990444E-27	2676
3.3224274634990444E-27	2677
3.3224274634990444E-27	2678
3.3224274634990444E-27	2679
3.3224274634990444E-27	2680
3.3224274634990444E-27	2681
3.3224274634990444E-27	0489
3.3224274634990444E-27	2682
9.285107878886045E-29	5792
7.102966789001671E-29	5810
7.102966789001671E-29	5803
7.102966789001671E-29	5848
7.102966789001671E-29	5938
7.102966789001671E-29	5937
7.102966789001671E-29	5936
7.102966789001671E-29	5935
7.102966789001671E-29	5934
7.102966789001671E-29	5933
7.102966789001671E-29	5801
7.102966789001671E-29	5794
7.102966789001671E-29	5793
7.102966789001671E-29	5806
7.102966789001671E-29	0136
7.102966789001671E-29	5791
7.102966789001671E-29	5832
9.531190967311056E-30	5931
6.556055236982364E-30	0620
6.556055236982364E-30	0622
6.556055236982364E-30	0623
6.556055236982364E-30	0629
6.556055236982364E-30	0628
6.556055236982364E-30	0627
6.556055236982364E-30	0626
6.556055236982364E-30	0625
6.556055236982364E-30	0624
6.556055236982364E-30	0618
6.556055236982364E-30	0619
2.4138355492223728E-30	6776
1.5762524315213501E-30	0011
1.5762524315213501E-30	0621
7.5246244478771485E-31	5869
7.5246244478771485E-31	5853
7.5246244478771485E-31	5866
7.5246244478771485E-31	5873
5.478169946632528E-31	1143
5.478169946632528E-31	1142
5.44628797907869E-31	1199
5.44628797907869E-31	1198
5.44628797907869E-31	1197
5.44628797907869E-31	1200
4.685371120272311E-31	3701
3.953484110128335E-31	1108
3.9371511349470656E-31	1120
3.9371511349470656E-31	1124
3.9371511349470656E-31	1195
3.9371511349470656E-31	1092
3.9371511349470656E-31	1095
3.9371511349470656E-31	1106
3.937151134947065E-31	1111
3.937151134947065E-31	1115
3.937151134947065E-31	1116
3.937151134947065E-31	1152
3.937151134947065E-31	1151
3.937151134947065E-31	1136
3.937151134947065E-31	1135
3.937151134947065E-31	1134
3.937151134947065E-31	1133
3.937151134947065E-31	0021
3.937151134947065E-31	1132
3.937151134947065E-31	1131
3.937151134947065E-31	1130
3.937151134947065E-31	1129
3.937151134947065E-31	1128
3.937151134947065E-31	1090
3.937151134947065E-31	1125
3.937151134947065E-31	1093
3.937151134947065E-31	1094
3.937151134947065E-31	1122
3.937151134947065E-31	1099
3.937151134947065E-31	1100
3.937151134947065E-31	1101
3.937151134947065E-31	1102
3.937151134947065E-31	1103
3.937151134947065E-31	1104
3.937151134947065E-31	1121
3.937151134947065E-31	1107
3.937151134947065E-31	1127
3.937151134947065E-31	1109
3.937151134947065E-31	1110
3.440068165927458E-31	2893
2.075288533844114E-31	2792
1.0108004682263725E-31	3733
5.660551168915594E-32	3846
5.660551168915594E-32	3705
5.660551168915594E-32	3782
5.660551168915594E-32	3838
5.067367594750832E-32	3831
5.067367594750832E-32	3741
4.4474535133481295E-32	7836
4.4474535133481295E-32	2292
4.4474535133481295E-32	0033
3.43682441224153E-32	3632
3.43682441224153E-32	3862
3.43682441224153E-32	3879
3.4368244122415296E-32	3824
3.4368244122415296E-32	3867
3.355159536335181E-32	3702
2.7175719708488353E-32	5429
2.7175719708488353E-32	0052
2.7175719708488353E-32	0468
2.7175719708488353E-32	2221
2.3719752071190024E-32	1180
2.3249610339044975E-32	3756
2.3249610339044975E-32	3757
2.2237267566740648E-32	0093
2.102588358237091E-32	3725
1.8484481574743407E-32	3775
1.8484481574743407E-32	3848
1.8484481574743407E-32	3837
1.8484481574743407E-32	3801
1.8484481574743407E-32	3761
1.6605191434291E-32	2271
1.6605191434291E-32	2270
1.6605191434291E-32	2269
1.6605191434291E-32	2275
1.6605191434291E-32	2274
1.6605191434291E-32	2272
1.5940983776919362E-32	1244
1.5940983776919362E-32	1252
1.482488245170148E-32	5426
1.4824845044493765E-32	2363
1.3764274073801636E-32	3774
1.3764274073801636E-32	3794
1.2130976555674651E-32	3778
1.2130976555674651E-32	2894
1.2130976555674651E-32	3629
1.2130976555674651E-32	3706
1.2130976555674651E-32	3707
1.2130976555674651E-32	3708
1.2130976555674651E-32	3710
1.2130976555674651E-32	3712
1.2130976555674651E-32	3714
1.2130976555674651E-32	3718
1.2130976555674651E-32	3719
1.2130976555674651E-32	3720
1.2130976555674651E-32	3729
1.2130976555674651E-32	3730
1.2130976555674651E-32	3734
1.2130976555674651E-32	3735
1.2130976555674651E-32	3736
1.2130976555674651E-32	3737
1.2130976555674651E-32	3738
1.2130976555674651E-32	3739
1.2130976555674651E-32	3740
1.2130976555674651E-32	3744
1.2130976555674651E-32	3745
1.2130976555674651E-32	3746
1.2130976555674651E-32	3747
1.2130976555674651E-32	3748
1.2130976555674651E-32	3751
1.2130976555674651E-32	3754
1.2130976555674651E-32	3755
1.2130976555674651E-32	3758
1.2130976555674651E-32	3759
1.2130976555674651E-32	3762
1.2130976555674651E-32	3763
1.2130976555674651E-32	3764
1.2130976555674651E-32	3765
1.2130976555674651E-32	3766
1.2130976555674651E-32	3767
1.2130976555674651E-32	3768
1.2130976555674651E-32	3770
1.2130976555674651E-32	3771
1.2130976555674651E-32	3772
1.2130976555674651E-32	3773
1.2130976555674651E-32	3776
1.2130976555674651E-32	3777
1.2130976555674651E-32	3779
1.2130976555674651E-32	3780
1.2130976555674651E-32	3781
1.2130976555674651E-32	3783
1.2130976555674651E-32	3786
1.2130976555674651E-32	3788
1.2130976555674651E-32	3789
1.2130976555674651E-32	3790
1.2130976555674651E-32	3791
1.2130976555674651E-32	3792
1.2130976555674651E-32	3793
1.2130976555674651E-32	3797
1.2130976555674651E-32	3798
1.2130976555674651E-32	3799
1.2130976555674651E-32	3800
1.2130976555674651E-32	3802
1.2130976555674651E-32	3805
1.2130976555674651E-32	3806
1.2130976555674651E-32	3807
1.2130976555674651E-32	3808
1.2130976555674651E-32	3810
1.2130976555674651E-32	3811
1.2130976555674651E-32	3812
1.2130976555674651E-32	3813
1.2130976555674651E-32	3815
1.2130976555674651E-32	3817
1.2130976555674651E-32	3818
1.2130976555674651E-32	3819
1.2130976555674651E-32	3820
1.2130976555674651E-32	3821
1.2130976555674651E-32	3822
1.2130976555674651E-32	3823
1.2130976555674651E-32	3825
1.2130976555674651E-32	3826
1.2130976555674651E-32	3827
1.2130976555674651E-32	3828
1.2130976555674651E-32	3829
1.2130976555674651E-32	3830
1.2130976555674651E-32	3832
1.2130976555674651E-32	3833
1.2130976555674651E-32	3834
1.2130976555674651E-32	3836
1.2130976555674651E-32	3839
1.2130976555674651E-32	3840
1.2130976555674651E-32	3841
1.2130976555674651E-32	3842
1.2130976555674651E-32	3843
1.2130976555674651E-32	3844
1.2130976555674651E-32	3847
1.2130976555674651E-32	3849
1.2130976555674651E-32	3850
1.2130976555674651E-32	3852
1.2130976555674651E-32	3853
1.2130976555674651E-32	3854
1.2130976555674651E-32	3855
1.2130976555674651E-32	3856
1.2130976555674651E-32	3857
1.2130976555674651E-32	3858
1.2130976555674651E-32	3859
1.2130976555674651E-32	3860
1.2130976555674651E-32	3861
1.2130976555674651E-32	3863
1.2130976555674651E-32	3864
1.2130976555674651E-32	3866
1.2130976555674651E-32	3868
1.2130976555674651E-32	3870
1.2130976555674651E-32	3871
1.2130976555674651E-32	3872
1.2130976555674651E-32	3873
1.2130976555674651E-32	3874
1.2130976555674651E-32	3875
1.2130976555674651E-32	3876
1.2130976555674651E-32	3877
1.2130976555674651E-32	3878
1.1685472953896154E-32	3703
1.1118633783370324E-32	6603
9.512879065779767E-33	0037
8.894907026696259E-33	7313
8.894907026696259E-33	0007
8.894907026696259E-33	0350
8.696230306716275E-33	0086
8.696230306716275E-33	0020
8.696230306716275E-33	0008
8.696230306716275E-33	0023
3.804931431851392E-33	0197
3.804931431851392E-33	0000
3.804931431851392E-33	0192
3.804931431851392E-33	0193
3.804931431851392E-33	0194
3.804931431851392E-33	0195
3.804931431851392E-33	0196
3.804931431851392E-33	0198
3.804931431851392E-33	0199
3.804931431851392E-33	0205
3.804931431851392E-33	0201
3.804931431851392E-33	0200
3.804931431851392E-33	0202
3.804931431851392E-33	0203
3.804931431851392E-33	0204
3.804931431851392E-33	0206
3.1881967553838726E-33	1139
3.1881967553838726E-33	1138
3.1881967553838726E-33	1141
3.1881967553838726E-33	1140
2.4499462771904758E-33	5669
1.633297518126984E-33	3880
4.4550360177849765E-34	3713
4.4550360177849765E-34	3769
4.4550360177849765E-34	3721
4.4550360177849765E-34	3795
4.4550360177849765E-34	3796
4.4550360177849765E-34	3760
4.4550360177849765E-34	3803
4.4550360177849765E-34	3722
4.4550360177849765E-34	3723
4.4550360177849765E-34	3869
4.4550360177849765E-34	3709
4.4550360177849765E-34	3704
4.4550360177849765E-34	3851
4.4550360177849765E-34	3726
4.4550360177849765E-34	3727
4.4550360177849765E-34	3728
4.4550360177849765E-34	3809
4.4550360177849765E-34	3784
4.4550360177849765E-34	3715
4.4550360177849765E-34	3731
4.4550360177849765E-34	3732
4.4550360177849765E-34	3785
4.4550360177849765E-34	3865
4.4550360177849765E-34	3716
4.4550360177849765E-34	3717
4.4550360177849765E-34	3787
4.4550360177849765E-34	3711
4.4550360177849765E-34	3742
4.4550360177849765E-34	3814
4.4550360177849765E-34	3835
4.4550360177849765E-34	3845
4.4550360177849765E-34	3804
4.4550360177849765E-34	3749
4.4550360177849765E-34	3750
4.4550360177849765E-34	3752
4.4550360177849765E-34	3753
3.82800425631667E-36	5558
2.4501721054274455E-36	6536
1.914002128158335E-36	6535
1.914002128158335E-36	6541
1.914002128158335E-36	6538
1.914002128158335E-36	6545
1.914002128158335E-36	6534
1.914002128158335E-36	6537
1.914002128158335E-36	6542
1.914002128158335E-36	6543
1.914002128158335E-36	6544
1.914002128158335E-36	6547
1.914002128158335E-36	6546
1.914002128158335E-36	6548
1.914002128158335E-36	6549
1.914002128158335E-36	6540
1.914002128158335E-36	6533
1.914002128158335E-36	6539
1.914002128158335E-36	6532
1.914002128158335E-36	6531
1.914002128158335E-36	6530
3.7407207716449552E-37	0151
1.2469069238816517E-37	5430
3.740720771644955E-38	5377
3.740720771644955E-38	5510
3.740720771644955E-38	5561
3.740720771644955E-38	6860
4.812193344622524E-42	7085
4.812193344622524E-42	7107
4.204059020851546E-42	7105
4.204059020851546E-42	7087
4.204059020851546E-42	7095
4.204059020851546E-42	7084
4.204059020851546E-42	7082
4.204059020851546E-42	7092
4.204059020851546E-42	7091
6.081343237709784E-43	7086
3.4503207583584464E-45	2025
6.317515752557096E-46	0133
8.810141547351393E-47	2063
8.423354336694446E-47	0016
8.423354336660973E-47	5764
4.211677168347223E-47	0127
4.211677168347223E-47	0168
4.2116771683193295E-47	2178
4.2116771683193295E-47	2179
4.2116771683193295E-47	2180
4.2116771683193295E-47	2187
4.2116771683193295E-47	0937
4.2116771683193295E-47	0905
4.2116771683193295E-47	0110
4.2116771683193295E-47	0063
4.2116771683193295E-47	0050
4.2116771683193295E-47	0042
4.2116771683193295E-47	2177
3.509730973599441E-47	0818
3.509730973599441E-47	1798
3.509730973599441E-47	1799
3.509730973599441E-47	1800
3.509730973599441E-47	0821
3.3250082908356727E-47	0887
3.3250082908356727E-47	0889
3.3250082908356727E-47	0890
3.3250082908356727E-47	0891
3.3250082908356727E-47	0892
3.3250082908356727E-47	0893
3.3250082908356727E-47	0894
3.3250082908356727E-47	0895
3.3250082908356727E-47	0896
3.3250082908356727E-47	0897
3.3250082908356727E-47	0898
3.3250082908356727E-47	0899
3.3250082908356727E-47	0900
3.3250082908356727E-47	0901
3.3250082908356727E-47	0902
3.3250082908356727E-47	0888
3.3250082908356727E-47	0884
3.3250082908356727E-47	0885
3.3250082908356727E-47	0886
1.4365554891404228E-47	2030
1.4365554891404228E-47	2029
1.4365554891404228E-47	2049
1.4365554891404228E-47	2048
1.4365554891404228E-47	2051
1.4365554891404228E-47	2039
1.4365554891404228E-47	2038
1.4365554891404228E-47	2037
1.4365554891404228E-47	2036
1.4365554891404228E-47	2035
1.4365554891404228E-47	2018
1.4365554891404228E-47	2019
1.4365554891404228E-47	2034
1.4365554891404228E-47	2020
1.4365554891404228E-47	2021
1.4365554891404228E-47	2022
1.4365554891404228E-47	2023
1.4365554891404228E-47	2024
1.4365554891404228E-47	2052
1.4365554891404228E-47	2026
1.4365554891404228E-47	2027
1.4365554891404228E-47	2033
1.4365554891404228E-47	2032
1.4365554891404228E-47	2031
1.4365554891404228E-47	2050
1.4365554891404228E-47	2028
1.11574328615109E-57	1757
1.11574328615109E-57	4469
1.11574328615109E-57	7036
5.57871643075545E-58	0002
5.57871643075545E-58	3564
2.789358215377725E-58	7028
2.789358215377725E-58	5459
2.789358215377725E-58	0029
2.789358215377725E-58	2210
2.789358215377725E-58	0044
2.789358215377725E-58	0088
2.789358215377725E-58	2527
2.789358215377725E-58	2529
2.789358215377725E-58	0108
2.789358215377725E-58	2531
2.789358215377725E-58	0657
2.789358215377725E-58	0304
2.789358215377725E-58	5438
2.789358215377725E-58	0911
2.789358215377725E-58	0992
2.789358215377725E-58	0041
2.2314865723021802E-58	2316
